{
 "cells": [
  {
   "cell_type": "code",
   "execution_count": 21,
   "id": "17714472",
   "metadata": {},
   "outputs": [],
   "source": [
    "from reinforce import ReinforceAgent\n",
    "from visualisation import draw_qap, draw_assignment_graph\n",
    "from qap import GraphAssignmentProblem, AssignmentGraph\n",
    "from torch_geometric.utils import from_networkx\n",
    "import taskgenerators\n",
    "import torch\n",
    "from evaluate import random_assignment\n",
    "import numpy as np"
   ]
  },
  {
   "cell_type": "code",
   "execution_count": 16,
   "id": "7f457e1d",
   "metadata": {},
   "outputs": [],
   "source": [
    "with open(\"../qapdata/bur26a.dat\") as f:\n",
    "    qap = GraphAssignmentProblem.from_qaplib_string(f.read())\n",
    "#qap = taskgenerators.generators[\"small_random_graphs\"]()"
   ]
  },
  {
   "cell_type": "code",
   "execution_count": 17,
   "id": "9700e99f",
   "metadata": {},
   "outputs": [
    {
     "data": {
      "text/plain": [
       "5426670.0"
      ]
     },
     "execution_count": 17,
     "metadata": {},
     "output_type": "execute_result"
    }
   ],
   "source": [
    "# optimum on bur26a\n",
    "qap.compute_value([int(s)-1 for s in \"26 15 11 7 4 12 13 2 6 18 1 5 9 21 8 14 3 20 19 25 17 10 16 24 23 22\".split()])"
   ]
  },
  {
   "cell_type": "code",
   "execution_count": 18,
   "id": "095d1df0",
   "metadata": {},
   "outputs": [],
   "source": [
    "agent = ReinforceAgent()\n",
    "agent.load_checkpoint(\"../runs/reinforce_gcn_randomgraphs/checkpoint_end.pth\")"
   ]
  },
  {
   "cell_type": "code",
   "execution_count": 19,
   "id": "4659a677",
   "metadata": {},
   "outputs": [],
   "source": [
    "net = agent.network"
   ]
  },
  {
   "cell_type": "code",
   "execution_count": 6,
   "id": "1a9906dc",
   "metadata": {},
   "outputs": [],
   "source": [
    "graph = AssignmentGraph(qap.graph_source, qap.graph_target, [])\n",
    "pyg_data = from_networkx(graph.graph, [\"side\"], [\"weight\"])"
   ]
  },
  {
   "cell_type": "code",
   "execution_count": 7,
   "id": "c1dff214",
   "metadata": {
    "scrolled": true
   },
   "outputs": [
    {
     "name": "stdout",
     "output_type": "stream",
     "text": [
      "tensor([[ 0.0662,  0.2369,  0.0389,  0.2958, -0.3285,  0.2196, -0.5065, -0.0813],\n",
      "        [ 0.0662,  0.2369,  0.0389,  0.2958, -0.3285,  0.2196, -0.5065, -0.0813],\n",
      "        [ 0.0662,  0.2369,  0.0389,  0.2958, -0.3285,  0.2196, -0.5065, -0.0813],\n",
      "        [ 0.0669,  0.2377,  0.0395,  0.2970, -0.3299,  0.2196, -0.5074, -0.0813],\n",
      "        [ 0.0669,  0.2377,  0.0395,  0.2970, -0.3299,  0.2196, -0.5074, -0.0813],\n",
      "        [ 0.0649,  0.2355,  0.0377,  0.2939, -0.3263,  0.2195, -0.5049, -0.0813],\n",
      "        [ 0.0649,  0.2355,  0.0377,  0.2939, -0.3263,  0.2195, -0.5049, -0.0813],\n",
      "        [ 0.0633,  0.2337,  0.0363,  0.2916, -0.3235,  0.2195, -0.5031, -0.0814],\n",
      "        [ 0.0633,  0.2337,  0.0363,  0.2916, -0.3235,  0.2195, -0.5031, -0.0814],\n",
      "        [ 0.0633,  0.2337,  0.0363,  0.2916, -0.3235,  0.2195, -0.5031, -0.0814],\n",
      "        [ 0.0592,  0.2292,  0.0326,  0.2854, -0.3161,  0.2195, -0.4981, -0.0814],\n",
      "        [ 0.0592,  0.2292,  0.0326,  0.2854, -0.3161,  0.2195, -0.4981, -0.0814],\n",
      "        [ 0.0592,  0.2292,  0.0326,  0.2854, -0.3161,  0.2195, -0.4981, -0.0814],\n",
      "        [ 0.0603,  0.2304,  0.0336,  0.2871, -0.3181,  0.2195, -0.4995, -0.0814],\n",
      "        [ 0.0660,  0.2367,  0.0387,  0.2955, -0.3282,  0.2196, -0.5063, -0.0813],\n",
      "        [ 0.0639,  0.2344,  0.0368,  0.2924, -0.3245,  0.2195, -0.5038, -0.0813],\n",
      "        [ 0.0612,  0.2314,  0.0344,  0.2884, -0.3196,  0.2195, -0.5005, -0.0814],\n",
      "        [ 0.0586,  0.2286,  0.0322,  0.2846, -0.3151,  0.2195, -0.4975, -0.0814],\n",
      "        [ 0.0586,  0.2286,  0.0322,  0.2846, -0.3151,  0.2195, -0.4975, -0.0814],\n",
      "        [ 0.0698,  0.2409,  0.0421,  0.3013, -0.3350,  0.2196, -0.5108, -0.0813],\n",
      "        [ 0.0698,  0.2409,  0.0421,  0.3013, -0.3350,  0.2196, -0.5108, -0.0813],\n",
      "        [ 0.0698,  0.2409,  0.0421,  0.3013, -0.3350,  0.2196, -0.5108, -0.0813],\n",
      "        [ 0.0700,  0.2411,  0.0423,  0.3016, -0.3354,  0.2196, -0.5111, -0.0813],\n",
      "        [ 0.0700,  0.2411,  0.0423,  0.3016, -0.3354,  0.2196, -0.5111, -0.0813],\n",
      "        [ 0.0669,  0.2377,  0.0395,  0.2969, -0.3298,  0.2196, -0.5073, -0.0813],\n",
      "        [ 0.0669,  0.2377,  0.0395,  0.2969, -0.3298,  0.2196, -0.5073, -0.0813],\n",
      "        [ 0.0390,  0.5376,  0.1515,  0.3416, -0.5611,  0.4042, -0.7503, -0.1882],\n",
      "        [-0.0264,  0.3150,  0.0436,  0.2108, -0.3323,  0.3132, -0.5413, -0.1473],\n",
      "        [-0.0024,  0.4219,  0.0970,  0.2661, -0.4440,  0.3577, -0.6386, -0.1721],\n",
      "        [-0.0194,  0.3425,  0.0575,  0.2256, -0.3610,  0.3244, -0.5664, -0.1532],\n",
      "        [ 0.1186,  0.8670,  0.3132,  0.5189, -0.9020,  0.5414, -1.0525, -0.2591],\n",
      "        [-0.0206,  0.3308,  0.0513,  0.2210, -0.3483,  0.3196, -0.5565, -0.1494],\n",
      "        [-0.0116,  0.3827,  0.0773,  0.2456, -0.4029,  0.3414, -0.6027, -0.1630],\n",
      "        [ 0.0144,  0.4684,  0.1181,  0.2971, -0.4900,  0.3768, -0.6835, -0.1775],\n",
      "        [ 0.0521,  0.6372,  0.2003,  0.3862, -0.6642,  0.4473, -0.8371, -0.2149],\n",
      "        [-0.0544,  0.1541, -0.0460,  0.1315, -0.1561,  0.2387, -0.4000, -0.1015],\n",
      "        [-0.0316,  0.2800,  0.0261,  0.1949, -0.2955,  0.2983, -0.5105, -0.1377],\n",
      "        [ 0.0163,  0.5059,  0.1377,  0.3105, -0.5305,  0.3929, -0.7150, -0.1905],\n",
      "        [-0.0053,  0.4091,  0.0901,  0.2599, -0.4303,  0.3523, -0.6270, -0.1688],\n",
      "        [ 0.0689,  0.8022,  0.2849,  0.4532, -0.8402,  0.5178, -0.9791, -0.2661],\n",
      "        [ 0.0195,  0.4419,  0.1040,  0.2935, -0.4615,  0.3639, -0.6643, -0.1655],\n",
      "        [-0.0322,  0.2654,  0.0188,  0.1895, -0.2804,  0.2916, -0.4984, -0.1331],\n",
      "        [-0.0585,  0.1329, -0.0565,  0.1200, -0.1358,  0.2314, -0.3805, -0.0942],\n",
      "        [ 0.0542,  0.7145,  0.2399,  0.4130, -0.7469,  0.4811, -0.9013, -0.2419],\n",
      "        [ 0.0232,  0.5482,  0.1590,  0.3302, -0.5749,  0.4107, -0.7524, -0.2019],\n",
      "        [ 0.0354,  0.5788,  0.1739,  0.3506, -0.6062,  0.4229, -0.7823, -0.2058],\n",
      "        [ 0.0217,  0.4904,  0.1288,  0.3108, -0.5129,  0.3855, -0.7048, -0.1815],\n",
      "        [-0.0528,  0.1841, -0.0241,  0.1446, -0.1942,  0.2585, -0.4251, -0.1144],\n",
      "        [-0.0401,  0.2350,  0.0032,  0.1732, -0.2480,  0.2795, -0.4701, -0.1260],\n",
      "        [-0.0580,  0.1495, -0.0479,  0.1281, -0.1511,  0.2393, -0.3958, -0.1013],\n",
      "        [-0.0551,  0.1549, -0.0450,  0.1315, -0.1574,  0.2401, -0.4006, -0.1023],\n",
      "        [-0.0385,  0.2519,  0.0124,  0.1795, -0.2665,  0.2866, -0.4846, -0.1317]],\n",
      "       grad_fn=<AddmmBackward0>)\n"
     ]
    }
   ],
   "source": [
    "embeddings = net(pyg_data.x, pyg_data.edge_index, pyg_data.edge_attr)\n",
    "print(embeddings)"
   ]
  },
  {
   "cell_type": "code",
   "execution_count": 8,
   "id": "099aba83",
   "metadata": {},
   "outputs": [],
   "source": [
    "source_nodes = list(graph.subgraph_a.nodes)\n",
    "target_nodes = list(graph.subgraph_b.nodes)"
   ]
  },
  {
   "cell_type": "code",
   "execution_count": 9,
   "id": "72af3c29",
   "metadata": {},
   "outputs": [],
   "source": [
    "embeddings_source = embeddings[source_nodes]\n",
    "embeddings_target = embeddings[target_nodes]\n",
    "logits = torch.matmul(embeddings_source, embeddings_target.T)"
   ]
  },
  {
   "cell_type": "code",
   "execution_count": 10,
   "id": "0353c155",
   "metadata": {},
   "outputs": [
    {
     "name": "stdout",
     "output_type": "stream",
     "text": [
      "tensor([[0.9053, 0.6010, 0.7441, 0.6380, 1.3483, 0.6230, 0.6914, 0.8087, 1.0343,\n",
      "         0.3846, 0.5552, 0.8563, 0.7270, 1.2470, 0.7783, 0.5369, 0.3567, 1.1315,\n",
      "         0.9118, 0.9549, 0.8394, 0.4271, 0.4955, 0.3785, 0.3858, 0.5173],\n",
      "        [0.9053, 0.6010, 0.7441, 0.6380, 1.3483, 0.6230, 0.6914, 0.8087, 1.0343,\n",
      "         0.3846, 0.5552, 0.8563, 0.7270, 1.2470, 0.7783, 0.5369, 0.3567, 1.1315,\n",
      "         0.9118, 0.9549, 0.8394, 0.4271, 0.4955, 0.3785, 0.3858, 0.5173],\n",
      "        [0.9053, 0.6010, 0.7441, 0.6380, 1.3483, 0.6230, 0.6914, 0.8087, 1.0343,\n",
      "         0.3846, 0.5552, 0.8563, 0.7270, 1.2470, 0.7783, 0.5369, 0.3567, 1.1315,\n",
      "         0.9118, 0.9549, 0.8394, 0.4271, 0.4955, 0.3785, 0.3858, 0.5173],\n",
      "        [0.9077, 0.6025, 0.7460, 0.6395, 1.3521, 0.6245, 0.6931, 0.8108, 1.0371,\n",
      "         0.3854, 0.5566, 0.8586, 0.7288, 1.2505, 0.7803, 0.5382, 0.3574, 1.1346,\n",
      "         0.9142, 0.9574, 0.8416, 0.4281, 0.4967, 0.3793, 0.3866, 0.5185],\n",
      "        [0.9077, 0.6025, 0.7460, 0.6395, 1.3521, 0.6245, 0.6931, 0.8108, 1.0371,\n",
      "         0.3854, 0.5566, 0.8586, 0.7288, 1.2505, 0.7803, 0.5382, 0.3574, 1.1346,\n",
      "         0.9142, 0.9574, 0.8416, 0.4281, 0.4967, 0.3793, 0.3866, 0.5185],\n",
      "        [0.9012, 0.5986, 0.7409, 0.6353, 1.3419, 0.6204, 0.6885, 0.8052, 1.0296,\n",
      "         0.3833, 0.5530, 0.8525, 0.7238, 1.2411, 0.7749, 0.5348, 0.3555, 1.1263,\n",
      "         0.9077, 0.9506, 0.8357, 0.4256, 0.4936, 0.3772, 0.3845, 0.5153],\n",
      "        [0.9012, 0.5986, 0.7409, 0.6353, 1.3419, 0.6204, 0.6885, 0.8052, 1.0296,\n",
      "         0.3833, 0.5530, 0.8525, 0.7238, 1.2411, 0.7749, 0.5348, 0.3555, 1.1263,\n",
      "         0.9077, 0.9506, 0.8357, 0.4256, 0.4936, 0.3772, 0.3845, 0.5153],\n",
      "        [0.8962, 0.5956, 0.7370, 0.6321, 1.3340, 0.6172, 0.6849, 0.8008, 1.0238,\n",
      "         0.3816, 0.5503, 0.8479, 0.7200, 1.2340, 0.7707, 0.5322, 0.3541, 1.1199,\n",
      "         0.9027, 0.9453, 0.8311, 0.4237, 0.4913, 0.3757, 0.3829, 0.5128],\n",
      "        [0.8962, 0.5956, 0.7370, 0.6321, 1.3340, 0.6172, 0.6849, 0.8008, 1.0238,\n",
      "         0.3816, 0.5503, 0.8479, 0.7200, 1.2340, 0.7707, 0.5322, 0.3541, 1.1199,\n",
      "         0.9027, 0.9453, 0.8311, 0.4237, 0.4913, 0.3757, 0.3829, 0.5128],\n",
      "        [0.8962, 0.5956, 0.7370, 0.6321, 1.3340, 0.6172, 0.6849, 0.8008, 1.0238,\n",
      "         0.3816, 0.5503, 0.8479, 0.7200, 1.2340, 0.7707, 0.5322, 0.3541, 1.1199,\n",
      "         0.9027, 0.9453, 0.8311, 0.4237, 0.4913, 0.3757, 0.3829, 0.5128],\n",
      "        [0.8832, 0.5877, 0.7267, 0.6236, 1.3134, 0.6090, 0.6755, 0.7894, 1.0085,\n",
      "         0.3774, 0.5432, 0.8357, 0.7100, 1.2152, 0.7598, 0.5254, 0.3503, 1.1031,\n",
      "         0.8895, 0.9314, 0.8192, 0.4188, 0.4852, 0.3715, 0.3786, 0.5064],\n",
      "        [0.8832, 0.5877, 0.7267, 0.6236, 1.3134, 0.6090, 0.6755, 0.7894, 1.0085,\n",
      "         0.3774, 0.5432, 0.8357, 0.7100, 1.2152, 0.7598, 0.5254, 0.3503, 1.1031,\n",
      "         0.8895, 0.9314, 0.8192, 0.4188, 0.4852, 0.3715, 0.3786, 0.5064],\n",
      "        [0.8832, 0.5877, 0.7267, 0.6236, 1.3134, 0.6090, 0.6755, 0.7894, 1.0085,\n",
      "         0.3774, 0.5432, 0.8357, 0.7100, 1.2152, 0.7598, 0.5254, 0.3503, 1.1031,\n",
      "         0.8895, 0.9314, 0.8192, 0.4188, 0.4852, 0.3715, 0.3786, 0.5064],\n",
      "        [0.8866, 0.5898, 0.7294, 0.6258, 1.3189, 0.6112, 0.6780, 0.7924, 1.0126,\n",
      "         0.3785, 0.5451, 0.8389, 0.7127, 1.2202, 0.7627, 0.5272, 0.3513, 1.1076,\n",
      "         0.8930, 0.9351, 0.8224, 0.4201, 0.4868, 0.3726, 0.3798, 0.5081],\n",
      "        [0.9047, 0.6006, 0.7436, 0.6376, 1.3473, 0.6226, 0.6909, 0.8082, 1.0336,\n",
      "         0.3844, 0.5549, 0.8557, 0.7265, 1.2461, 0.7778, 0.5366, 0.3565, 1.1307,\n",
      "         0.9111, 0.9542, 0.8388, 0.4269, 0.4952, 0.3783, 0.3856, 0.5170],\n",
      "        [0.8981, 0.5967, 0.7385, 0.6333, 1.3369, 0.6184, 0.6862, 0.8024, 1.0259,\n",
      "         0.3822, 0.5513, 0.8496, 0.7214, 1.2367, 0.7723, 0.5331, 0.3546, 1.1223,\n",
      "         0.9045, 0.9472, 0.8328, 0.4244, 0.4922, 0.3762, 0.3835, 0.5138],\n",
      "        [0.8894, 0.5914, 0.7316, 0.6276, 1.3233, 0.6129, 0.6800, 0.7948, 1.0158,\n",
      "         0.3794, 0.5466, 0.8415, 0.7148, 1.2242, 0.7650, 0.5286, 0.3521, 1.1111,\n",
      "         0.8958, 0.9380, 0.8249, 0.4211, 0.4881, 0.3735, 0.3807, 0.5095],\n",
      "        [0.8814, 0.5866, 0.7253, 0.6224, 1.3107, 0.6079, 0.6742, 0.7879, 1.0065,\n",
      "         0.3768, 0.5422, 0.8341, 0.7087, 1.2128, 0.7583, 0.5244, 0.3498, 1.1009,\n",
      "         0.8878, 0.9296, 0.8176, 0.4181, 0.4844, 0.3710, 0.3781, 0.5055],\n",
      "        [0.8814, 0.5866, 0.7253, 0.6224, 1.3107, 0.6079, 0.6742, 0.7879, 1.0065,\n",
      "         0.3768, 0.5422, 0.8341, 0.7087, 1.2128, 0.7583, 0.5244, 0.3498, 1.1009,\n",
      "         0.8878, 0.9296, 0.8176, 0.4181, 0.4844, 0.3710, 0.3781, 0.5055],\n",
      "        [0.9168, 0.6080, 0.7532, 0.6455, 1.3664, 0.6303, 0.6997, 0.8188, 1.0477,\n",
      "         0.3883, 0.5615, 0.8671, 0.7358, 1.2635, 0.7879, 0.5429, 0.3600, 1.1464,\n",
      "         0.9233, 0.9671, 0.8499, 0.4315, 0.5009, 0.3821, 0.3896, 0.5231],\n",
      "        [0.9168, 0.6080, 0.7532, 0.6455, 1.3664, 0.6303, 0.6997, 0.8188, 1.0477,\n",
      "         0.3883, 0.5615, 0.8671, 0.7358, 1.2635, 0.7879, 0.5429, 0.3600, 1.1464,\n",
      "         0.9233, 0.9671, 0.8499, 0.4315, 0.5009, 0.3821, 0.3896, 0.5231],\n",
      "        [0.9168, 0.6080, 0.7532, 0.6455, 1.3664, 0.6303, 0.6997, 0.8188, 1.0477,\n",
      "         0.3883, 0.5615, 0.8671, 0.7358, 1.2635, 0.7879, 0.5429, 0.3600, 1.1464,\n",
      "         0.9233, 0.9671, 0.8499, 0.4315, 0.5009, 0.3821, 0.3896, 0.5231],\n",
      "        [0.9175, 0.6084, 0.7537, 0.6459, 1.3674, 0.6307, 0.7002, 0.8193, 1.0485,\n",
      "         0.3885, 0.5619, 0.8677, 0.7363, 1.2644, 0.7885, 0.5432, 0.3602, 1.1472,\n",
      "         0.9240, 0.9678, 0.8505, 0.4317, 0.5012, 0.3823, 0.3898, 0.5234],\n",
      "        [0.9175, 0.6084, 0.7537, 0.6459, 1.3674, 0.6307, 0.7002, 0.8193, 1.0485,\n",
      "         0.3885, 0.5619, 0.8677, 0.7363, 1.2644, 0.7885, 0.5432, 0.3602, 1.1472,\n",
      "         0.9240, 0.9678, 0.8505, 0.4317, 0.5012, 0.3823, 0.3898, 0.5234],\n",
      "        [0.9076, 0.6024, 0.7460, 0.6395, 1.3519, 0.6244, 0.6931, 0.8107, 1.0370,\n",
      "         0.3853, 0.5565, 0.8585, 0.7287, 1.2503, 0.7802, 0.5381, 0.3574, 1.1345,\n",
      "         0.9141, 0.9573, 0.8415, 0.4280, 0.4966, 0.3792, 0.3866, 0.5185],\n",
      "        [0.9076, 0.6024, 0.7460, 0.6395, 1.3519, 0.6244, 0.6931, 0.8107, 1.0370,\n",
      "         0.3853, 0.5565, 0.8585, 0.7287, 1.2503, 0.7802, 0.5381, 0.3574, 1.1345,\n",
      "         0.9141, 0.9573, 0.8415, 0.4280, 0.4966, 0.3792, 0.3866, 0.5185]],\n",
      "       grad_fn=<MmBackward0>)\n"
     ]
    }
   ],
   "source": [
    "print(logits)"
   ]
  },
  {
   "cell_type": "code",
   "execution_count": 11,
   "id": "56a11f11",
   "metadata": {},
   "outputs": [
    {
     "data": {
      "text/plain": [
       "torch.Size([26, 26])"
      ]
     },
     "execution_count": 11,
     "metadata": {},
     "output_type": "execute_result"
    }
   ],
   "source": [
    "logits.shape"
   ]
  },
  {
   "cell_type": "code",
   "execution_count": 12,
   "id": "892be617",
   "metadata": {},
   "outputs": [
    {
     "name": "stdout",
     "output_type": "stream",
     "text": [
      "tensor([0.0017, 0.0013, 0.0015, 0.0013, 0.0027, 0.0013, 0.0014, 0.0016, 0.0019,\n",
      "        0.0010, 0.0012, 0.0016, 0.0014, 0.0024, 0.0015, 0.0012, 0.0010, 0.0021,\n",
      "        0.0017, 0.0018, 0.0016, 0.0011, 0.0011, 0.0010, 0.0010, 0.0012, 0.0017,\n",
      "        0.0013, 0.0015, 0.0013, 0.0027, 0.0013, 0.0014, 0.0016, 0.0019, 0.0010,\n",
      "        0.0012, 0.0016, 0.0014, 0.0024, 0.0015, 0.0012, 0.0010, 0.0021, 0.0017,\n",
      "        0.0018, 0.0016, 0.0011, 0.0011, 0.0010, 0.0010, 0.0012, 0.0017, 0.0013,\n",
      "        0.0015, 0.0013, 0.0027, 0.0013, 0.0014, 0.0016, 0.0019, 0.0010, 0.0012,\n",
      "        0.0016, 0.0014, 0.0024, 0.0015, 0.0012, 0.0010, 0.0021, 0.0017, 0.0018,\n",
      "        0.0016, 0.0011, 0.0011, 0.0010, 0.0010, 0.0012, 0.0017, 0.0013, 0.0015,\n",
      "        0.0013, 0.0027, 0.0013, 0.0014, 0.0016, 0.0020, 0.0010, 0.0012, 0.0016,\n",
      "        0.0014, 0.0024, 0.0015, 0.0012, 0.0010, 0.0022, 0.0017, 0.0018, 0.0016,\n",
      "        0.0011, 0.0011, 0.0010, 0.0010, 0.0012, 0.0017, 0.0013, 0.0015, 0.0013,\n",
      "        0.0027, 0.0013, 0.0014, 0.0016, 0.0020, 0.0010, 0.0012, 0.0016, 0.0014,\n",
      "        0.0024, 0.0015, 0.0012, 0.0010, 0.0022, 0.0017, 0.0018, 0.0016, 0.0011,\n",
      "        0.0011, 0.0010, 0.0010, 0.0012, 0.0017, 0.0013, 0.0015, 0.0013, 0.0026,\n",
      "        0.0013, 0.0014, 0.0015, 0.0019, 0.0010, 0.0012, 0.0016, 0.0014, 0.0024,\n",
      "        0.0015, 0.0012, 0.0010, 0.0021, 0.0017, 0.0018, 0.0016, 0.0011, 0.0011,\n",
      "        0.0010, 0.0010, 0.0012, 0.0017, 0.0013, 0.0015, 0.0013, 0.0026, 0.0013,\n",
      "        0.0014, 0.0015, 0.0019, 0.0010, 0.0012, 0.0016, 0.0014, 0.0024, 0.0015,\n",
      "        0.0012, 0.0010, 0.0021, 0.0017, 0.0018, 0.0016, 0.0011, 0.0011, 0.0010,\n",
      "        0.0010, 0.0012, 0.0017, 0.0013, 0.0014, 0.0013, 0.0026, 0.0013, 0.0014,\n",
      "        0.0015, 0.0019, 0.0010, 0.0012, 0.0016, 0.0014, 0.0024, 0.0015, 0.0012,\n",
      "        0.0010, 0.0021, 0.0017, 0.0018, 0.0016, 0.0011, 0.0011, 0.0010, 0.0010,\n",
      "        0.0012, 0.0017, 0.0013, 0.0014, 0.0013, 0.0026, 0.0013, 0.0014, 0.0015,\n",
      "        0.0019, 0.0010, 0.0012, 0.0016, 0.0014, 0.0024, 0.0015, 0.0012, 0.0010,\n",
      "        0.0021, 0.0017, 0.0018, 0.0016, 0.0011, 0.0011, 0.0010, 0.0010, 0.0012,\n",
      "        0.0017, 0.0013, 0.0014, 0.0013, 0.0026, 0.0013, 0.0014, 0.0015, 0.0019,\n",
      "        0.0010, 0.0012, 0.0016, 0.0014, 0.0024, 0.0015, 0.0012, 0.0010, 0.0021,\n",
      "        0.0017, 0.0018, 0.0016, 0.0011, 0.0011, 0.0010, 0.0010, 0.0012, 0.0017,\n",
      "        0.0012, 0.0014, 0.0013, 0.0026, 0.0013, 0.0014, 0.0015, 0.0019, 0.0010,\n",
      "        0.0012, 0.0016, 0.0014, 0.0023, 0.0015, 0.0012, 0.0010, 0.0021, 0.0017,\n",
      "        0.0018, 0.0016, 0.0011, 0.0011, 0.0010, 0.0010, 0.0011, 0.0017, 0.0012,\n",
      "        0.0014, 0.0013, 0.0026, 0.0013, 0.0014, 0.0015, 0.0019, 0.0010, 0.0012,\n",
      "        0.0016, 0.0014, 0.0023, 0.0015, 0.0012, 0.0010, 0.0021, 0.0017, 0.0018,\n",
      "        0.0016, 0.0011, 0.0011, 0.0010, 0.0010, 0.0011, 0.0017, 0.0012, 0.0014,\n",
      "        0.0013, 0.0026, 0.0013, 0.0014, 0.0015, 0.0019, 0.0010, 0.0012, 0.0016,\n",
      "        0.0014, 0.0023, 0.0015, 0.0012, 0.0010, 0.0021, 0.0017, 0.0018, 0.0016,\n",
      "        0.0011, 0.0011, 0.0010, 0.0010, 0.0011, 0.0017, 0.0012, 0.0014, 0.0013,\n",
      "        0.0026, 0.0013, 0.0014, 0.0015, 0.0019, 0.0010, 0.0012, 0.0016, 0.0014,\n",
      "        0.0023, 0.0015, 0.0012, 0.0010, 0.0021, 0.0017, 0.0018, 0.0016, 0.0011,\n",
      "        0.0011, 0.0010, 0.0010, 0.0012, 0.0017, 0.0013, 0.0015, 0.0013, 0.0027,\n",
      "        0.0013, 0.0014, 0.0016, 0.0019, 0.0010, 0.0012, 0.0016, 0.0014, 0.0024,\n",
      "        0.0015, 0.0012, 0.0010, 0.0021, 0.0017, 0.0018, 0.0016, 0.0011, 0.0011,\n",
      "        0.0010, 0.0010, 0.0012, 0.0017, 0.0013, 0.0014, 0.0013, 0.0026, 0.0013,\n",
      "        0.0014, 0.0015, 0.0019, 0.0010, 0.0012, 0.0016, 0.0014, 0.0024, 0.0015,\n",
      "        0.0012, 0.0010, 0.0021, 0.0017, 0.0018, 0.0016, 0.0011, 0.0011, 0.0010,\n",
      "        0.0010, 0.0012, 0.0017, 0.0013, 0.0014, 0.0013, 0.0026, 0.0013, 0.0014,\n",
      "        0.0015, 0.0019, 0.0010, 0.0012, 0.0016, 0.0014, 0.0024, 0.0015, 0.0012,\n",
      "        0.0010, 0.0021, 0.0017, 0.0018, 0.0016, 0.0011, 0.0011, 0.0010, 0.0010,\n",
      "        0.0012, 0.0017, 0.0012, 0.0014, 0.0013, 0.0026, 0.0013, 0.0014, 0.0015,\n",
      "        0.0019, 0.0010, 0.0012, 0.0016, 0.0014, 0.0023, 0.0015, 0.0012, 0.0010,\n",
      "        0.0021, 0.0017, 0.0018, 0.0016, 0.0011, 0.0011, 0.0010, 0.0010, 0.0011,\n",
      "        0.0017, 0.0012, 0.0014, 0.0013, 0.0026, 0.0013, 0.0014, 0.0015, 0.0019,\n",
      "        0.0010, 0.0012, 0.0016, 0.0014, 0.0023, 0.0015, 0.0012, 0.0010, 0.0021,\n",
      "        0.0017, 0.0018, 0.0016, 0.0011, 0.0011, 0.0010, 0.0010, 0.0011, 0.0017,\n",
      "        0.0013, 0.0015, 0.0013, 0.0027, 0.0013, 0.0014, 0.0016, 0.0020, 0.0010,\n",
      "        0.0012, 0.0016, 0.0014, 0.0024, 0.0015, 0.0012, 0.0010, 0.0022, 0.0017,\n",
      "        0.0018, 0.0016, 0.0011, 0.0011, 0.0010, 0.0010, 0.0012, 0.0017, 0.0013,\n",
      "        0.0015, 0.0013, 0.0027, 0.0013, 0.0014, 0.0016, 0.0020, 0.0010, 0.0012,\n",
      "        0.0016, 0.0014, 0.0024, 0.0015, 0.0012, 0.0010, 0.0022, 0.0017, 0.0018,\n",
      "        0.0016, 0.0011, 0.0011, 0.0010, 0.0010, 0.0012, 0.0017, 0.0013, 0.0015,\n",
      "        0.0013, 0.0027, 0.0013, 0.0014, 0.0016, 0.0020, 0.0010, 0.0012, 0.0016,\n",
      "        0.0014, 0.0024, 0.0015, 0.0012, 0.0010, 0.0022, 0.0017, 0.0018, 0.0016,\n",
      "        0.0011, 0.0011, 0.0010, 0.0010, 0.0012, 0.0017, 0.0013, 0.0015, 0.0013,\n",
      "        0.0027, 0.0013, 0.0014, 0.0016, 0.0020, 0.0010, 0.0012, 0.0016, 0.0014,\n",
      "        0.0025, 0.0015, 0.0012, 0.0010, 0.0022, 0.0017, 0.0018, 0.0016, 0.0011,\n",
      "        0.0011, 0.0010, 0.0010, 0.0012, 0.0017, 0.0013, 0.0015, 0.0013, 0.0027,\n",
      "        0.0013, 0.0014, 0.0016, 0.0020, 0.0010, 0.0012, 0.0016, 0.0014, 0.0025,\n",
      "        0.0015, 0.0012, 0.0010, 0.0022, 0.0017, 0.0018, 0.0016, 0.0011, 0.0011,\n",
      "        0.0010, 0.0010, 0.0012, 0.0017, 0.0013, 0.0015, 0.0013, 0.0027, 0.0013,\n",
      "        0.0014, 0.0016, 0.0020, 0.0010, 0.0012, 0.0016, 0.0014, 0.0024, 0.0015,\n",
      "        0.0012, 0.0010, 0.0022, 0.0017, 0.0018, 0.0016, 0.0011, 0.0011, 0.0010,\n",
      "        0.0010, 0.0012, 0.0017, 0.0013, 0.0015, 0.0013, 0.0027, 0.0013, 0.0014,\n",
      "        0.0016, 0.0020, 0.0010, 0.0012, 0.0016, 0.0014, 0.0024, 0.0015, 0.0012,\n",
      "        0.0010, 0.0022, 0.0017, 0.0018, 0.0016, 0.0011, 0.0011, 0.0010, 0.0010,\n",
      "        0.0012], grad_fn=<SoftmaxBackward0>)\n"
     ]
    }
   ],
   "source": [
    "probs = torch.softmax(logits.reshape(-1), dim=0)\n",
    "print(probs)"
   ]
  },
  {
   "cell_type": "code",
   "execution_count": 13,
   "id": "28614efd",
   "metadata": {},
   "outputs": [],
   "source": [
    "policy = agent.compute_policy(pyg_data, source_nodes, target_nodes)"
   ]
  },
  {
   "cell_type": "code",
   "execution_count": 14,
   "id": "72f0d8cd",
   "metadata": {
    "scrolled": true
   },
   "outputs": [
    {
     "data": {
      "text/plain": [
       "tensor([0.0017, 0.0013, 0.0015, 0.0013, 0.0027, 0.0013, 0.0014, 0.0016, 0.0019,\n",
       "        0.0010, 0.0012, 0.0016, 0.0014, 0.0024, 0.0015, 0.0012, 0.0010, 0.0021,\n",
       "        0.0017, 0.0018, 0.0016, 0.0011, 0.0011, 0.0010, 0.0010, 0.0012, 0.0017,\n",
       "        0.0013, 0.0015, 0.0013, 0.0027, 0.0013, 0.0014, 0.0016, 0.0019, 0.0010,\n",
       "        0.0012, 0.0016, 0.0014, 0.0024, 0.0015, 0.0012, 0.0010, 0.0021, 0.0017,\n",
       "        0.0018, 0.0016, 0.0011, 0.0011, 0.0010, 0.0010, 0.0012, 0.0017, 0.0013,\n",
       "        0.0015, 0.0013, 0.0027, 0.0013, 0.0014, 0.0016, 0.0019, 0.0010, 0.0012,\n",
       "        0.0016, 0.0014, 0.0024, 0.0015, 0.0012, 0.0010, 0.0021, 0.0017, 0.0018,\n",
       "        0.0016, 0.0011, 0.0011, 0.0010, 0.0010, 0.0012, 0.0017, 0.0013, 0.0015,\n",
       "        0.0013, 0.0027, 0.0013, 0.0014, 0.0016, 0.0020, 0.0010, 0.0012, 0.0016,\n",
       "        0.0014, 0.0024, 0.0015, 0.0012, 0.0010, 0.0022, 0.0017, 0.0018, 0.0016,\n",
       "        0.0011, 0.0011, 0.0010, 0.0010, 0.0012, 0.0017, 0.0013, 0.0015, 0.0013,\n",
       "        0.0027, 0.0013, 0.0014, 0.0016, 0.0020, 0.0010, 0.0012, 0.0016, 0.0014,\n",
       "        0.0024, 0.0015, 0.0012, 0.0010, 0.0022, 0.0017, 0.0018, 0.0016, 0.0011,\n",
       "        0.0011, 0.0010, 0.0010, 0.0012, 0.0017, 0.0013, 0.0015, 0.0013, 0.0026,\n",
       "        0.0013, 0.0014, 0.0015, 0.0019, 0.0010, 0.0012, 0.0016, 0.0014, 0.0024,\n",
       "        0.0015, 0.0012, 0.0010, 0.0021, 0.0017, 0.0018, 0.0016, 0.0011, 0.0011,\n",
       "        0.0010, 0.0010, 0.0012, 0.0017, 0.0013, 0.0015, 0.0013, 0.0026, 0.0013,\n",
       "        0.0014, 0.0015, 0.0019, 0.0010, 0.0012, 0.0016, 0.0014, 0.0024, 0.0015,\n",
       "        0.0012, 0.0010, 0.0021, 0.0017, 0.0018, 0.0016, 0.0011, 0.0011, 0.0010,\n",
       "        0.0010, 0.0012, 0.0017, 0.0013, 0.0014, 0.0013, 0.0026, 0.0013, 0.0014,\n",
       "        0.0015, 0.0019, 0.0010, 0.0012, 0.0016, 0.0014, 0.0024, 0.0015, 0.0012,\n",
       "        0.0010, 0.0021, 0.0017, 0.0018, 0.0016, 0.0011, 0.0011, 0.0010, 0.0010,\n",
       "        0.0012, 0.0017, 0.0013, 0.0014, 0.0013, 0.0026, 0.0013, 0.0014, 0.0015,\n",
       "        0.0019, 0.0010, 0.0012, 0.0016, 0.0014, 0.0024, 0.0015, 0.0012, 0.0010,\n",
       "        0.0021, 0.0017, 0.0018, 0.0016, 0.0011, 0.0011, 0.0010, 0.0010, 0.0012,\n",
       "        0.0017, 0.0013, 0.0014, 0.0013, 0.0026, 0.0013, 0.0014, 0.0015, 0.0019,\n",
       "        0.0010, 0.0012, 0.0016, 0.0014, 0.0024, 0.0015, 0.0012, 0.0010, 0.0021,\n",
       "        0.0017, 0.0018, 0.0016, 0.0011, 0.0011, 0.0010, 0.0010, 0.0012, 0.0017,\n",
       "        0.0012, 0.0014, 0.0013, 0.0026, 0.0013, 0.0014, 0.0015, 0.0019, 0.0010,\n",
       "        0.0012, 0.0016, 0.0014, 0.0023, 0.0015, 0.0012, 0.0010, 0.0021, 0.0017,\n",
       "        0.0018, 0.0016, 0.0011, 0.0011, 0.0010, 0.0010, 0.0011, 0.0017, 0.0012,\n",
       "        0.0014, 0.0013, 0.0026, 0.0013, 0.0014, 0.0015, 0.0019, 0.0010, 0.0012,\n",
       "        0.0016, 0.0014, 0.0023, 0.0015, 0.0012, 0.0010, 0.0021, 0.0017, 0.0018,\n",
       "        0.0016, 0.0011, 0.0011, 0.0010, 0.0010, 0.0011, 0.0017, 0.0012, 0.0014,\n",
       "        0.0013, 0.0026, 0.0013, 0.0014, 0.0015, 0.0019, 0.0010, 0.0012, 0.0016,\n",
       "        0.0014, 0.0023, 0.0015, 0.0012, 0.0010, 0.0021, 0.0017, 0.0018, 0.0016,\n",
       "        0.0011, 0.0011, 0.0010, 0.0010, 0.0011, 0.0017, 0.0012, 0.0014, 0.0013,\n",
       "        0.0026, 0.0013, 0.0014, 0.0015, 0.0019, 0.0010, 0.0012, 0.0016, 0.0014,\n",
       "        0.0023, 0.0015, 0.0012, 0.0010, 0.0021, 0.0017, 0.0018, 0.0016, 0.0011,\n",
       "        0.0011, 0.0010, 0.0010, 0.0012, 0.0017, 0.0013, 0.0015, 0.0013, 0.0027,\n",
       "        0.0013, 0.0014, 0.0016, 0.0019, 0.0010, 0.0012, 0.0016, 0.0014, 0.0024,\n",
       "        0.0015, 0.0012, 0.0010, 0.0021, 0.0017, 0.0018, 0.0016, 0.0011, 0.0011,\n",
       "        0.0010, 0.0010, 0.0012, 0.0017, 0.0013, 0.0014, 0.0013, 0.0026, 0.0013,\n",
       "        0.0014, 0.0015, 0.0019, 0.0010, 0.0012, 0.0016, 0.0014, 0.0024, 0.0015,\n",
       "        0.0012, 0.0010, 0.0021, 0.0017, 0.0018, 0.0016, 0.0011, 0.0011, 0.0010,\n",
       "        0.0010, 0.0012, 0.0017, 0.0013, 0.0014, 0.0013, 0.0026, 0.0013, 0.0014,\n",
       "        0.0015, 0.0019, 0.0010, 0.0012, 0.0016, 0.0014, 0.0024, 0.0015, 0.0012,\n",
       "        0.0010, 0.0021, 0.0017, 0.0018, 0.0016, 0.0011, 0.0011, 0.0010, 0.0010,\n",
       "        0.0012, 0.0017, 0.0012, 0.0014, 0.0013, 0.0026, 0.0013, 0.0014, 0.0015,\n",
       "        0.0019, 0.0010, 0.0012, 0.0016, 0.0014, 0.0023, 0.0015, 0.0012, 0.0010,\n",
       "        0.0021, 0.0017, 0.0018, 0.0016, 0.0011, 0.0011, 0.0010, 0.0010, 0.0011,\n",
       "        0.0017, 0.0012, 0.0014, 0.0013, 0.0026, 0.0013, 0.0014, 0.0015, 0.0019,\n",
       "        0.0010, 0.0012, 0.0016, 0.0014, 0.0023, 0.0015, 0.0012, 0.0010, 0.0021,\n",
       "        0.0017, 0.0018, 0.0016, 0.0011, 0.0011, 0.0010, 0.0010, 0.0011, 0.0017,\n",
       "        0.0013, 0.0015, 0.0013, 0.0027, 0.0013, 0.0014, 0.0016, 0.0020, 0.0010,\n",
       "        0.0012, 0.0016, 0.0014, 0.0024, 0.0015, 0.0012, 0.0010, 0.0022, 0.0017,\n",
       "        0.0018, 0.0016, 0.0011, 0.0011, 0.0010, 0.0010, 0.0012, 0.0017, 0.0013,\n",
       "        0.0015, 0.0013, 0.0027, 0.0013, 0.0014, 0.0016, 0.0020, 0.0010, 0.0012,\n",
       "        0.0016, 0.0014, 0.0024, 0.0015, 0.0012, 0.0010, 0.0022, 0.0017, 0.0018,\n",
       "        0.0016, 0.0011, 0.0011, 0.0010, 0.0010, 0.0012, 0.0017, 0.0013, 0.0015,\n",
       "        0.0013, 0.0027, 0.0013, 0.0014, 0.0016, 0.0020, 0.0010, 0.0012, 0.0016,\n",
       "        0.0014, 0.0024, 0.0015, 0.0012, 0.0010, 0.0022, 0.0017, 0.0018, 0.0016,\n",
       "        0.0011, 0.0011, 0.0010, 0.0010, 0.0012, 0.0017, 0.0013, 0.0015, 0.0013,\n",
       "        0.0027, 0.0013, 0.0014, 0.0016, 0.0020, 0.0010, 0.0012, 0.0016, 0.0014,\n",
       "        0.0025, 0.0015, 0.0012, 0.0010, 0.0022, 0.0017, 0.0018, 0.0016, 0.0011,\n",
       "        0.0011, 0.0010, 0.0010, 0.0012, 0.0017, 0.0013, 0.0015, 0.0013, 0.0027,\n",
       "        0.0013, 0.0014, 0.0016, 0.0020, 0.0010, 0.0012, 0.0016, 0.0014, 0.0025,\n",
       "        0.0015, 0.0012, 0.0010, 0.0022, 0.0017, 0.0018, 0.0016, 0.0011, 0.0011,\n",
       "        0.0010, 0.0010, 0.0012, 0.0017, 0.0013, 0.0015, 0.0013, 0.0027, 0.0013,\n",
       "        0.0014, 0.0016, 0.0020, 0.0010, 0.0012, 0.0016, 0.0014, 0.0024, 0.0015,\n",
       "        0.0012, 0.0010, 0.0022, 0.0017, 0.0018, 0.0016, 0.0011, 0.0011, 0.0010,\n",
       "        0.0010, 0.0012, 0.0017, 0.0013, 0.0015, 0.0013, 0.0027, 0.0013, 0.0014,\n",
       "        0.0016, 0.0020, 0.0010, 0.0012, 0.0016, 0.0014, 0.0024, 0.0015, 0.0012,\n",
       "        0.0010, 0.0022, 0.0017, 0.0018, 0.0016, 0.0011, 0.0011, 0.0010, 0.0010,\n",
       "        0.0012], grad_fn=<SoftmaxBackward0>)"
      ]
     },
     "execution_count": 14,
     "metadata": {},
     "output_type": "execute_result"
    }
   ],
   "source": [
    "policy.distribution.probs"
   ]
  },
  {
   "cell_type": "code",
   "execution_count": 23,
   "id": "5de9006c",
   "metadata": {},
   "outputs": [],
   "source": [
    "random_vectors = np.random.random((16,16))"
   ]
  },
  {
   "cell_type": "code",
   "execution_count": 30,
   "id": "8dd69a47",
   "metadata": {},
   "outputs": [
    {
     "data": {
      "text/plain": [
       "tensor([7.4448e-03, 8.9952e-04, 1.4860e-03, 1.5596e-03, 7.3317e-03, 3.9320e-03,\n",
       "        2.1644e-03, 6.7865e-04, 1.0337e-03, 2.0622e-03, 1.7857e-03, 2.3455e-03,\n",
       "        1.5993e-03, 4.5757e-03, 9.9394e-04, 1.8732e-03, 8.9952e-04, 1.0299e-03,\n",
       "        5.5090e-04, 6.6443e-04, 1.5880e-03, 1.7305e-03, 8.7228e-04, 4.6118e-04,\n",
       "        1.7778e-04, 9.7041e-04, 6.8239e-04, 6.6224e-04, 8.0821e-04, 7.6630e-04,\n",
       "        3.9282e-04, 6.8405e-04, 1.4860e-03, 5.5090e-04, 5.1434e-03, 1.0089e-03,\n",
       "        7.7183e-03, 1.4325e-03, 1.6282e-03, 3.8936e-04, 1.0680e-03, 1.4846e-03,\n",
       "        1.8560e-03, 1.1187e-03, 2.2665e-03, 3.1241e-03, 1.6892e-03, 1.3138e-03,\n",
       "        1.5596e-03, 6.6443e-04, 1.0089e-03, 3.7904e-03, 4.0090e-03, 2.5384e-03,\n",
       "        1.3806e-03, 7.1361e-04, 3.7543e-04, 1.1550e-03, 1.6827e-03, 1.2903e-03,\n",
       "        1.1953e-03, 1.7044e-03, 1.5325e-03, 1.3722e-03, 7.3317e-03, 1.5880e-03,\n",
       "        7.7183e-03, 4.0090e-03, 2.3176e-01, 1.9778e-02, 5.9665e-03, 2.3060e-03,\n",
       "        5.4838e-03, 9.9237e-03, 1.3314e-02, 5.9426e-03, 1.1606e-02, 1.9250e-02,\n",
       "        7.1236e-03, 6.0746e-03, 3.9320e-03, 1.7305e-03, 1.4325e-03, 2.5384e-03,\n",
       "        1.9778e-02, 3.3225e-02, 9.6952e-03, 2.1489e-03, 8.9510e-04, 4.9117e-03,\n",
       "        4.4222e-03, 3.6702e-03, 4.0151e-03, 7.7681e-03, 2.4284e-03, 3.5624e-03,\n",
       "        2.1644e-03, 8.7228e-04, 1.6282e-03, 1.3806e-03, 5.9665e-03, 9.6952e-03,\n",
       "        1.5592e-02, 8.4328e-04, 6.8463e-04, 2.7510e-03, 2.3519e-03, 1.8948e-03,\n",
       "        3.1605e-03, 4.6914e-03, 1.7191e-03, 2.3288e-03, 6.7865e-04, 4.6118e-04,\n",
       "        3.8936e-04, 7.1361e-04, 2.3060e-03, 2.1489e-03, 8.4328e-04, 1.0885e-03,\n",
       "        1.8045e-04, 5.1839e-04, 9.0821e-04, 4.4273e-04, 6.9768e-04, 9.8102e-04,\n",
       "        4.4857e-04, 4.5477e-04, 1.0337e-03, 1.7778e-04, 1.0680e-03, 3.7543e-04,\n",
       "        5.4838e-03, 8.9510e-04, 6.8463e-04, 1.8045e-04, 2.0928e-03, 9.6629e-04,\n",
       "        7.0100e-04, 6.5835e-04, 1.0519e-03, 1.1355e-03, 8.9219e-04, 6.0362e-04,\n",
       "        2.0622e-03, 9.7041e-04, 1.4846e-03, 1.1550e-03, 9.9237e-03, 4.9117e-03,\n",
       "        2.7510e-03, 5.1839e-04, 9.6629e-04, 4.6843e-03, 2.3277e-03, 1.4549e-03,\n",
       "        2.0858e-03, 2.9902e-03, 1.6611e-03, 2.1463e-03, 1.7857e-03, 6.8239e-04,\n",
       "        1.8560e-03, 1.6827e-03, 1.3314e-02, 4.4222e-03, 2.3519e-03, 9.0821e-04,\n",
       "        7.0100e-04, 2.3277e-03, 1.1846e-02, 1.1297e-03, 4.1247e-03, 6.7773e-03,\n",
       "        1.7175e-03, 2.0990e-03, 2.3455e-03, 6.6224e-04, 1.1187e-03, 1.2903e-03,\n",
       "        5.9426e-03, 3.6702e-03, 1.8948e-03, 4.4273e-04, 6.5835e-04, 1.4549e-03,\n",
       "        1.1297e-03, 3.4525e-03, 1.0515e-03, 2.8673e-03, 9.3601e-04, 1.5482e-03,\n",
       "        1.5993e-03, 8.0821e-04, 2.2665e-03, 1.1953e-03, 1.1606e-02, 4.0151e-03,\n",
       "        3.1605e-03, 6.9768e-04, 1.0519e-03, 2.0858e-03, 4.1247e-03, 1.0515e-03,\n",
       "        1.2296e-02, 3.5797e-03, 2.6449e-03, 1.5139e-03, 4.5757e-03, 7.6630e-04,\n",
       "        3.1241e-03, 1.7044e-03, 1.9250e-02, 7.7681e-03, 4.6914e-03, 9.8102e-04,\n",
       "        1.1355e-03, 2.9902e-03, 6.7773e-03, 2.8673e-03, 3.5797e-03, 1.4215e-02,\n",
       "        2.4575e-03, 2.9415e-03, 9.9394e-04, 3.9282e-04, 1.6892e-03, 1.5325e-03,\n",
       "        7.1236e-03, 2.4284e-03, 1.7191e-03, 4.4857e-04, 8.9219e-04, 1.6611e-03,\n",
       "        1.7175e-03, 9.3601e-04, 2.6449e-03, 2.4575e-03, 6.8415e-03, 6.7379e-04,\n",
       "        1.8732e-03, 6.8405e-04, 1.3138e-03, 1.3722e-03, 6.0746e-03, 3.5624e-03,\n",
       "        2.3288e-03, 4.5477e-04, 6.0362e-04, 2.1463e-03, 2.0990e-03, 1.5482e-03,\n",
       "        1.5139e-03, 2.9415e-03, 6.7379e-04, 4.5777e-03], dtype=torch.float64)"
      ]
     },
     "execution_count": 30,
     "metadata": {},
     "output_type": "execute_result"
    }
   ],
   "source": [
    "torch.softmax(torch.tensor(np.matmul(random_vectors, random_vectors.T).reshape(-1)), dim=0)"
   ]
  },
  {
   "cell_type": "code",
   "execution_count": null,
   "id": "13e14763",
   "metadata": {},
   "outputs": [],
   "source": []
  }
 ],
 "metadata": {
  "kernelspec": {
   "display_name": "Python 3 (ipykernel)",
   "language": "python",
   "name": "python3"
  },
  "language_info": {
   "codemirror_mode": {
    "name": "ipython",
    "version": 3
   },
   "file_extension": ".py",
   "mimetype": "text/x-python",
   "name": "python",
   "nbconvert_exporter": "python",
   "pygments_lexer": "ipython3",
   "version": "3.8.12"
  }
 },
 "nbformat": 4,
 "nbformat_minor": 5
}
